1518 03 18 00 03 3529
1518 04 26 00 55 wakes
1518 04 30 00 46 wakes
1518 10 28 00 01 2011
1518 03 27 00 58 wakes
1518 05 14 00 36 wakes
1518 04 08 00 18 falls
1518 09 20 23 59 2011
1518 07 30 00 27 wakes
1518 04 22 00 56 falls
1518 06 25 00 00 509
1518 07 04 00 22 falls
1518 08 05 00 39 falls
1518 04 13 00 09 falls
1518 06 13 00 56 wakes
1518 07 02 00 40 falls
1518 09 02 00 07 falls
1518 07 23 23 59 2179
1518 10 03 00 42 falls
1518 11 17 00 32 wakes
1518 08 05 00 57 wakes
1518 05 02 00 03 509
1518 04 06 00 54 wakes
1518 11 15 00 03 1973
1518 11 23 00 00 1877
1518 11 21 00 38 wakes
1518 11 01 23 59 2693
1518 05 03 00 30 falls
1518 06 16 00 49 wakes
1518 08 13 23 46 317
1518 11 13 00 19 falls
1518 08 20 00 02 1949
1518 04 15 00 46 falls
1518 09 01 00 00 2179
1518 03 19 00 51 wakes
1518 07 19 00 53 wakes
1518 08 25 00 40 wakes
1518 08 13 00 01 1973
1518 09 11 00 02 3529
1518 10 14 00 04 falls
1518 08 28 00 29 wakes
1518 10 17 00 12 falls
1518 06 05 00 05 falls
1518 07 18 00 59 wakes
1518 11 08 00 02 853
1518 11 04 00 47 wakes
1518 06 01 00 52 wakes
1518 10 13 23 48 3529
1518 04 12 00 05 falls
1518 08 07 00 00 2137
1518 03 31 00 46 wakes
1518 05 28 00 54 falls
1518 06 14 00 43 wakes
1518 11 11 23 59 317
1518 08 24 00 57 wakes
1518 08 05 23 47 3373
1518 07 12 00 57 wakes
1518 10 16 00 56 wakes
1518 08 26 00 36 wakes
1518 05 18 00 59 wakes
1518 07 02 00 20 falls
1518 08 05 00 49 wakes
1518 05 24 23 58 641
1518 06 01 00 44 wakes
1518 04 30 00 32 falls
1518 09 05 00 44 wakes
1518 09 12 00 31 falls
1518 11 21 23 59 853
1518 04 07 00 06 falls
1518 03 17 00 28 falls
1518 06 10 00 10 falls
1518 05 19 00 58 wakes
1518 06 03 00 27 falls
1518 04 13 23 56 317
1518 06 27 23 52 853
1518 03 25 00 00 641
1518 05 07 00 54 falls
1518 09 22 00 58 wakes
1518 03 28 00 47 falls
1518 11 13 23 48 401
1518 10 07 00 52 wakes
1518 07 24 23 58 1949
1518 04 16 00 03 509
1518 09 07 00 44 wakes
1518 04 18 00 50 falls
1518 06 19 00 00 641
1518 03 29 00 37 falls
1518 11 18 23 59 1049
1518 11 14 00 02 falls
1518 06 24 00 03 2029
1518 03 27 00 42 wakes
1518 11 20 00 23 falls
1518 05 03 00 50 wakes
1518 03 28 00 19 falls
1518 09 07 23 59 2693
1518 11 06 23 59 3529
1518 03 16 00 34 falls
1518 08 09 00 10 falls
1518 11 03 00 12 falls
1518 08 11 00 37 wakes
1518 09 09 00 46 falls
1518 06 27 00 02 853
1518 05 12 00 57 wakes
1518 08 12 00 47 wakes
1518 10 05 00 50 wakes
1518 04 07 00 11 falls
1518 06 26 00 09 falls
1518 09 13 00 28 falls
1518 04 17 23 57 379
1518 04 18 00 44 falls
1518 06 07 00 17 wakes
1518 11 09 00 18 falls
1518 08 21 00 02 1949
1518 05 10 00 43 falls
1518 08 20 00 41 falls
1518 10 08 00 56 falls
1518 10 02 00 46 wakes
1518 08 08 00 26 wakes
1518 09 04 00 56 wakes
1518 08 21 23 56 2029
1518 10 27 00 01 1847
1518 03 29 00 02 3529
1518 04 21 23 58 2699
1518 05 22 00 57 wakes
1518 08 29 00 37 wakes
1518 11 15 00 47 wakes
1518 07 29 00 53 wakes
1518 09 13 00 00 2699
1518 08 22 00 35 falls
1518 11 17 00 01 falls
1518 07 04 23 57 3373
1518 07 15 00 07 falls
1518 05 30 00 07 falls
1518 05 23 23 57 641
1518 06 01 00 20 falls
1518 04 29 23 59 3373
1518 05 15 00 42 falls
1518 10 07 00 23 falls
1518 10 22 00 00 1973
1518 10 05 00 05 falls
1518 05 21 00 00 1049
1518 07 20 00 29 falls
1518 07 24 00 58 wakes
1518 04 17 00 58 wakes
1518 06 16 23 46 193
1518 04 16 00 53 falls
1518 10 09 23 57 317
1518 09 18 23 50 379
1518 11 04 00 00 falls
1518 04 28 00 46 wakes
1518 05 20 00 42 falls
1518 08 30 00 58 wakes
1518 04 16 23 49 2281
1518 06 28 00 06 wakes
1518 10 08 00 57 wakes
1518 11 10 00 53 wakes
1518 10 20 00 31 wakes
1518 11 08 00 56 falls
1518 10 29 00 40 wakes
1518 06 29 00 03 2281
1518 11 12 00 36 wakes
1518 05 21 00 27 wakes
1518 07 20 23 52 2281
1518 10 25 23 57 2137
1518 07 25 00 15 falls
1518 04 10 23 54 317
1518 03 29 00 42 wakes
1518 09 19 00 05 falls
1518 11 22 00 33 falls
1518 03 26 00 37 wakes
1518 10 02 23 58 317
1518 08 14 00 57 wakes
1518 11 12 00 18 falls
1518 03 27 00 57 falls
1518 08 27 00 32 wakes
1518 09 29 00 12 wakes
1518 11 06 00 53 wakes
1518 08 22 23 57 641
1518 08 30 00 01 3529
1518 09 22 00 16 wakes
1518 03 19 23 57 641
1518 04 29 00 47 wakes
1518 10 08 00 51 wakes
1518 11 14 00 59 wakes
1518 04 22 00 58 wakes
1518 06 01 00 02 1049
1518 04 15 00 28 wakes
1518 10 30 00 07 falls
1518 06 22 00 40 wakes
1518 05 09 00 02 falls
1518 11 06 00 01 2281
1518 07 06 23 57 1049
1518 06 30 00 48 wakes
1518 07 08 00 40 falls
1518 09 15 00 50 falls
1518 11 03 00 50 wakes
1518 07 13 00 45 wakes
1518 07 15 23 46 2179
1518 05 07 00 57 wakes
1518 10 23 00 43 wakes
1518 08 18 00 42 falls
1518 10 03 00 56 wakes
1518 10 25 00 40 wakes
1518 08 07 00 23 falls
1518 07 08 00 50 wakes
1518 05 13 00 40 falls
1518 10 24 23 59 1973
1518 05 20 00 51 falls
1518 10 17 00 14 wakes
1518 06 11 00 56 falls
1518 09 26 00 36 wakes
1518 03 28 00 57 falls
1518 03 26 00 03 falls
1518 06 10 00 03 2693
1518 08 02 00 00 379
1518 07 22 23 58 853
1518 05 17 00 52 wakes
1518 10 28 00 23 wakes
1518 04 06 00 35 wakes
1518 06 25 00 36 wakes
1518 05 01 00 25 wakes
1518 09 22 00 31 falls
1518 11 13 00 46 wakes
1518 05 24 00 14 falls
1518 10 03 00 11 falls
1518 11 05 00 07 falls
1518 11 13 00 00 1973
1518 08 24 00 54 falls
1518 07 19 00 52 falls
1518 04 09 00 04 falls
1518 10 20 00 40 falls
1518 05 13 23 59 2029
1518 08 30 00 36 falls
1518 06 22 00 04 2693
1518 11 23 00 44 wakes
1518 06 06 00 24 wakes
1518 09 09 00 00 2281
1518 04 27 00 42 wakes
1518 04 12 00 56 falls
1518 11 01 00 22 falls
1518 05 11 00 55 wakes
1518 06 27 00 24 falls
1518 10 05 00 39 falls
1518 06 17 00 26 falls
1518 05 28 00 26 falls
1518 06 20 00 54 falls
1518 03 29 00 55 wakes
1518 03 21 00 54 falls
1518 06 01 23 58 509
1518 05 19 00 57 falls
1518 07 20 00 41 wakes
1518 06 12 00 02 1973
1518 03 23 00 57 wakes
1518 10 15 00 00 2693
1518 10 18 00 02 401
1518 09 28 23 51 3373
1518 06 20 00 10 falls
1518 07 23 00 36 wakes
1518 06 05 23 59 853
1518 03 27 00 20 falls
1518 11 14 00 11 wakes
1518 08 11 23 52 401
1518 04 28 00 02 317
1518 04 16 00 35 falls
1518 04 15 00 57 wakes
1518 09 07 00 50 falls
1518 08 19 00 02 193
1518 09 17 00 49 falls
1518 10 07 23 56 509
1518 09 27 00 09 falls
1518 08 22 00 49 wakes
1518 03 27 00 48 falls
1518 10 16 00 02 3529
1518 05 12 00 27 falls
1518 05 26 23 56 2693
1518 10 28 00 06 falls
1518 11 02 00 36 falls
1518 04 18 00 59 wakes
1518 07 21 00 28 wakes
1518 08 28 23 58 379
1518 08 17 00 17 falls
1518 11 22 00 40 wakes
1518 10 19 00 06 falls
1518 10 11 23 56 1877
1518 09 15 00 56 wakes
1518 08 16 00 59 wakes
1518 06 14 00 06 falls
1518 11 10 00 14 falls
1518 08 01 00 34 falls
1518 06 27 00 57 wakes
1518 04 22 00 53 wakes
1518 04 09 00 24 wakes
1518 09 30 00 36 falls
1518 11 19 23 59 1973
1518 05 03 00 31 wakes
1518 09 25 00 35 wakes
1518 09 21 23 50 1973
1518 11 18 00 01 641
1518 10 28 00 31 falls
1518 04 28 00 57 wakes
1518 10 05 00 23 wakes
1518 10 28 00 55 wakes
1518 08 30 00 33 wakes
1518 07 16 00 00 falls
1518 09 27 23 49 317
1518 08 16 00 16 falls
1518 03 22 00 42 falls
1518 06 28 00 03 falls
1518 11 16 00 28 falls
1518 04 16 00 38 wakes
1518 08 31 00 25 falls
1518 09 30 00 04 641
1518 10 13 00 02 falls
1518 06 16 00 01 2011
1518 07 26 23 59 317
1518 07 15 00 26 wakes
1518 08 01 00 59 wakes
1518 04 17 00 01 falls
1518 07 10 00 51 wakes
1518 04 23 00 24 falls
1518 10 05 23 56 2029
1518 10 10 00 19 falls
1518 09 01 23 57 2281
1518 05 25 23 56 379
1518 10 18 00 20 falls
1518 03 30 23 58 317
1518 09 29 00 54 wakes
1518 04 07 00 08 wakes
1518 06 09 00 56 wakes
1518 06 07 00 15 falls
1518 10 02 00 43 falls
1518 08 30 00 29 falls
1518 07 16 00 42 wakes
1518 07 08 00 54 falls
1518 11 21 00 59 wakes
1518 10 25 00 50 falls
1518 08 14 00 28 wakes
1518 07 10 00 16 falls
1518 05 17 00 51 falls
1518 09 04 00 53 falls
1518 09 26 00 01 2179
1518 03 25 00 47 wakes
1518 04 01 00 31 wakes
1518 03 30 00 52 wakes
1518 03 25 23 53 2179
1518 10 23 00 16 falls
1518 09 24 00 30 falls
1518 09 27 00 03 2699
1518 09 05 00 00 2137
1518 06 25 00 50 wakes
1518 05 19 00 00 2179
1518 10 13 00 10 wakes
1518 03 29 23 58 1877
1518 03 29 00 06 falls
1518 09 23 00 59 wakes
1518 06 09 00 02 509
1518 05 31 00 03 193
1518 05 09 00 37 wakes
1518 09 11 00 30 falls
1518 11 22 00 58 wakes
1518 04 11 00 56 wakes
1518 11 19 00 09 falls
1518 03 16 00 59 wakes
1518 09 07 00 00 1049
1518 05 28 00 02 509
1518 10 14 00 54 wakes
1518 09 17 00 01 401
1518 06 07 00 42 wakes
1518 03 16 00 53 wakes
1518 07 25 00 53 wakes
1518 05 19 00 40 wakes
1518 08 25 00 10 falls
1518 05 20 00 33 falls
1518 09 10 00 25 wakes
1518 11 23 00 31 falls
1518 10 11 00 12 falls
1518 07 29 00 51 falls
1518 08 08 00 37 falls
1518 08 06 00 58 wakes
1518 05 31 00 54 wakes
1518 05 07 00 47 wakes
1518 06 28 00 32 falls
1518 11 11 00 22 falls
1518 10 26 00 37 falls
1518 04 27 00 52 falls
1518 07 30 23 50 401
1518 04 16 00 12 wakes
1518 08 11 00 01 falls
1518 10 29 00 21 falls
1518 09 23 00 01 853
1518 07 13 23 57 2179
1518 06 14 23 59 3529
1518 07 29 00 02 2029
1518 08 04 00 38 falls
1518 05 06 00 59 wakes
1518 04 12 00 59 wakes
1518 11 16 00 54 wakes
1518 08 04 00 01 1973
1518 10 31 00 01 1847
1518 08 23 23 59 3529
1518 05 08 00 51 falls
1518 09 01 00 13 falls
1518 05 07 00 02 1877
1518 04 09 00 55 falls
1518 06 29 00 45 falls
1518 09 16 00 20 wakes
1518 08 21 00 52 wakes
1518 04 25 00 34 falls
1518 07 06 00 56 wakes
1518 09 22 00 03 falls
1518 09 27 00 17 wakes
1518 08 19 00 51 wakes
1518 11 09 23 58 641
1518 09 05 23 49 853
1518 11 11 00 42 falls
1518 04 03 00 37 falls
1518 09 08 00 31 falls
1518 06 03 00 03 2137
1518 06 26 00 28 wakes
1518 06 07 00 20 falls
1518 05 13 00 55 falls
1518 04 24 00 48 wakes
1518 05 30 00 45 wakes
1518 07 19 00 02 2699
1518 05 05 00 04 2029
1518 07 31 00 03 falls
1518 11 14 00 51 wakes
1518 09 09 00 50 wakes
1518 11 19 00 59 wakes
1518 11 01 00 43 wakes
1518 08 10 00 55 wakes
1518 08 20 00 25 wakes
1518 03 31 00 10 falls
1518 07 26 00 54 falls
1518 08 08 23 58 1973
1518 08 07 00 58 wakes
1518 05 18 00 00 853
1518 11 11 00 57 wakes
1518 03 21 00 41 falls
1518 05 29 23 56 2029
1518 09 24 00 51 wakes
1518 09 20 00 50 wakes
1518 11 18 00 44 wakes
1518 05 14 23 58 317
1518 10 04 23 53 1049
1518 08 15 00 20 falls
1518 05 25 00 56 wakes
1518 04 19 00 42 wakes
1518 07 09 00 06 falls
1518 04 14 00 15 falls
1518 08 03 00 56 wakes
1518 04 18 00 46 wakes
1518 04 22 00 33 falls
1518 10 15 00 26 falls
1518 10 01 00 17 falls
1518 04 04 00 59 wakes
1518 06 05 00 35 wakes
1518 04 11 23 50 1049
1518 07 07 00 50 wakes
1518 09 03 00 56 wakes
1518 03 16 00 04 1973
1518 08 26 00 44 falls
1518 10 16 00 41 falls
1518 07 06 00 27 falls
1518 09 04 00 40 wakes
1518 10 03 00 35 wakes
1518 04 26 00 28 falls
1518 09 04 00 02 falls
1518 04 07 00 02 2029
1518 10 12 00 17 falls
1518 07 04 00 02 2137
1518 06 30 00 17 falls
1518 04 10 00 57 wakes
1518 04 06 00 24 falls
1518 10 30 00 38 wakes
1518 05 21 00 16 falls
1518 07 09 00 54 wakes
1518 07 27 00 34 falls
1518 06 16 00 44 falls
1518 05 10 00 02 193
1518 09 25 00 03 2179
1518 03 20 00 49 wakes
1518 06 17 00 00 falls
1518 03 22 00 04 1877
1518 04 02 00 44 wakes
1518 03 27 00 52 wakes
1518 09 07 00 59 wakes
1518 08 27 00 11 falls
1518 10 20 00 58 wakes
1518 09 20 00 29 falls
1518 05 20 00 44 wakes
1518 10 09 00 02 193
1518 06 30 23 57 2693
1518 03 19 00 04 falls
1518 04 10 00 48 falls
1518 08 19 00 30 falls
1518 07 18 00 57 falls
1518 03 22 00 54 wakes
1518 06 14 00 04 641
1518 03 18 00 38 falls
1518 08 10 00 17 falls
1518 08 13 00 37 falls
1518 05 26 00 48 wakes
1518 04 05 00 16 falls
1518 10 11 00 43 wakes
1518 11 21 00 30 falls
1518 08 25 23 57 193
1518 04 26 23 56 1973
1518 10 10 00 20 wakes
1518 06 25 00 53 falls
1518 07 17 23 58 1973
1518 04 02 00 30 wakes
1518 04 26 00 00 1877
1518 07 02 00 36 wakes
1518 06 24 00 51 wakes
1518 06 15 00 55 wakes
1518 07 23 00 51 falls
1518 05 30 00 15 wakes
1518 05 02 00 57 wakes
1518 09 27 00 42 falls
1518 06 06 23 59 1949
1518 09 14 23 57 1973
1518 10 01 23 58 1949
1518 08 26 00 49 wakes
1518 03 28 00 59 wakes
1518 04 21 00 03 3203
1518 11 01 00 00 2011
1518 10 26 00 50 wakes
1518 06 11 00 01 401
1518 10 04 00 02 2011
1518 11 16 23 53 3529
1518 07 16 23 56 2281
1518 05 06 00 00 2137
1518 10 09 00 55 wakes
1518 05 13 00 58 wakes
1518 06 20 00 16 wakes
1518 03 29 00 47 falls
1518 03 23 00 27 falls
1518 06 17 00 28 wakes
1518 07 27 00 54 wakes
1518 11 09 00 23 wakes
1518 09 11 23 56 317
1518 07 09 00 02 379
1518 09 05 00 57 wakes
1518 03 20 23 56 1049
1518 11 05 00 01 317
1518 05 04 00 00 379
1518 04 09 23 57 2281
1518 04 05 00 20 wakes
1518 09 15 00 36 falls
1518 10 06 00 28 falls
1518 06 21 00 02 1847
1518 09 19 23 56 853
1518 04 28 00 33 falls
1518 09 12 00 12 falls
1518 05 20 00 57 wakes
1518 04 29 00 01 2281
1518 06 09 00 40 wakes
1518 09 08 00 47 wakes
1518 05 23 00 58 wakes
1518 04 24 23 59 2011
1518 09 12 00 44 wakes
1518 10 29 23 56 2137
1518 06 19 00 52 wakes
1518 07 08 00 01 401
1518 08 31 00 57 wakes
1518 08 28 00 03 2693
1518 05 04 00 18 falls
1518 04 10 00 45 wakes
1518 07 26 00 00 193
1518 04 05 00 33 falls
1518 03 29 00 12 wakes
1518 05 05 00 51 falls
1518 05 22 00 00 509
1518 05 05 00 56 wakes
1518 09 01 00 18 wakes
1518 03 25 00 45 falls
1518 09 28 00 02 falls
1518 06 23 00 54 wakes
1518 05 07 00 30 falls
1518 11 08 23 59 1949
1518 03 16 00 39 wakes
1518 10 02 00 39 wakes
1518 06 19 00 50 falls
1518 03 24 00 45 wakes
1518 09 06 00 01 falls
1518 04 27 00 55 wakes
1518 08 20 00 08 falls
1518 04 13 00 10 wakes
1518 05 19 23 59 1973
1518 10 14 00 40 wakes
1518 06 30 00 00 1973
1518 06 13 00 01 falls
1518 07 14 00 45 falls
1518 03 20 00 32 falls
1518 07 07 00 24 falls
1518 07 24 00 47 falls
1518 08 25 00 58 wakes
1518 09 21 00 21 falls
1518 06 11 00 58 wakes
1518 04 11 00 00 falls
1518 10 22 00 39 wakes
1518 09 23 23 58 2029
1518 03 30 00 10 falls
1518 07 01 00 06 falls
1518 09 09 23 57 641
1518 03 28 00 53 wakes
1518 04 30 23 58 2179
1518 07 02 00 43 wakes
1518 06 04 00 01 509
1518 10 01 00 24 wakes
1518 06 25 00 30 falls
1518 05 10 00 52 wakes
1518 05 28 00 44 wakes
1518 04 15 00 00 379
1518 05 15 00 55 wakes
1518 07 16 00 58 wakes
1518 10 04 00 39 falls
1518 08 25 00 46 falls
1518 07 17 00 49 falls
1518 09 03 00 54 falls
1518 11 14 00 47 falls
1518 07 15 00 03 641
1518 05 15 00 53 falls
1518 03 23 00 56 falls
1518 09 30 23 59 1877
1518 07 18 00 36 falls
1518 09 29 00 29 falls
1518 06 09 00 30 falls
1518 10 18 00 42 wakes
1518 05 13 00 03 509
1518 11 08 00 59 wakes
1518 03 16 00 52 falls
1518 09 01 00 23 falls
1518 07 30 00 04 falls
1518 07 02 00 01 641
1518 07 05 00 39 falls
1518 06 25 00 57 wakes
1518 08 07 23 54 641
1518 03 22 00 18 falls
1518 04 20 00 04 2179
1518 09 07 00 34 falls
1518 07 16 00 49 falls
1518 05 10 23 57 641
1518 07 31 23 56 3529
1518 11 02 00 40 wakes
1518 08 28 00 58 wakes
1518 08 08 00 05 falls
1518 05 27 00 50 wakes
1518 04 16 00 08 falls
1518 09 12 00 24 wakes
1518 08 03 00 30 falls
1518 09 17 23 56 1847
1518 04 03 00 41 wakes
1518 09 14 00 00 3529
1518 04 18 00 25 falls
1518 05 28 23 52 193
1518 07 20 00 03 1949
1518 08 17 00 01 falls
1518 05 02 00 54 falls
1518 09 10 00 17 falls
1518 06 15 00 12 falls
1518 08 05 00 00 3529
1518 08 02 23 59 853
1518 07 28 00 00 3373
1518 04 25 00 53 wakes
1518 07 31 00 30 wakes
1518 06 07 23 47 641
1518 09 13 00 58 wakes
1518 04 20 00 39 wakes
1518 07 28 00 32 wakes
1518 04 28 00 53 falls
1518 11 18 00 18 falls
1518 04 17 00 48 wakes
1518 05 11 00 36 falls
1518 06 02 00 58 wakes
1518 09 14 00 51 wakes
1518 03 29 00 51 falls
1518 04 08 23 47 641
1518 06 08 00 01 falls
1518 11 06 00 41 falls
1518 08 24 00 50 wakes
1518 06 02 00 52 falls
1518 09 27 00 54 wakes
1518 06 28 00 43 wakes
1518 06 12 00 45 wakes
1518 09 16 00 00 2029
1518 05 22 23 57 379
1518 05 23 00 06 falls
1518 09 06 00 35 wakes
1518 07 22 00 00 2693
1518 05 23 00 17 wakes
1518 03 18 00 43 wakes
1518 11 11 00 38 wakes
1518 04 07 00 40 wakes
1518 06 10 00 29 wakes
1518 04 01 23 56 317
1518 08 04 00 45 wakes
1518 08 08 00 52 wakes
1518 06 16 00 20 falls
1518 09 16 00 15 falls
1518 04 02 00 33 falls
1518 04 14 00 57 wakes
1518 07 10 23 57 251
1518 05 18 00 37 falls
1518 11 14 00 54 falls
1518 05 04 00 46 wakes
1518 06 03 00 28 wakes
1518 11 05 00 19 wakes
1518 06 22 00 10 falls
1518 04 15 00 35 falls
1518 05 07 23 59 509
1518 04 09 00 59 wakes
1518 06 09 00 50 falls
1518 10 22 00 33 falls
1518 09 11 00 50 wakes
1518 11 03 00 00 1877
1518 06 18 00 08 falls
1518 03 26 23 59 1973
1518 06 18 00 39 wakes
1518 08 15 00 00 853
1518 07 01 00 42 wakes
1518 05 19 00 46 falls
1518 08 26 00 32 falls
1518 05 29 00 03 wakes
1518 04 01 00 05 falls
1518 10 19 00 00 193
1518 07 09 00 39 falls
1518 10 15 00 52 wakes
1518 09 13 00 50 falls
1518 07 05 00 55 wakes
1518 10 12 00 57 wakes
1518 05 03 00 01 641
1518 08 05 00 52 falls
1518 03 17 00 55 wakes
1518 08 17 00 06 wakes
1518 04 02 00 23 falls
1518 07 29 23 46 2693
1518 04 27 00 37 falls
1518 05 19 00 37 falls
1518 10 08 00 37 falls
1518 11 07 00 59 wakes
1518 10 10 23 56 379
1518 06 20 00 04 3373
1518 06 12 00 28 falls
1518 09 29 00 00 falls
1518 09 23 00 50 wakes
1518 11 16 00 07 falls
1518 09 15 00 38 wakes
1518 11 07 00 42 falls
1518 08 28 00 18 falls
1518 06 29 00 26 wakes
1518 06 06 00 50 falls
1518 04 23 00 59 wakes
1518 03 23 00 44 wakes
1518 06 02 00 33 falls
1518 08 07 00 19 wakes
1518 03 21 00 44 wakes
1518 09 23 00 29 falls
1518 08 17 23 59 1049
1518 07 18 00 41 wakes
1518 10 23 23 57 251
1518 10 16 23 59 401
1518 10 09 00 15 falls
1518 04 08 00 41 wakes
1518 09 03 00 04 3373
1518 06 04 00 57 wakes
1518 10 25 00 58 wakes
1518 09 02 00 51 wakes
1518 07 22 00 55 wakes
1518 07 24 00 36 wakes
1518 09 06 00 59 wakes
1518 05 01 00 12 falls
1518 09 21 00 48 wakes
1518 03 16 23 57 1949
1518 05 23 00 26 falls
1518 04 16 00 58 wakes
1518 08 16 23 50 1949
1518 04 12 23 56 193
1518 09 01 00 54 wakes
1518 08 12 00 02 falls
1518 04 06 00 26 wakes
1518 09 13 00 38 wakes
1518 04 24 00 40 falls
1518 08 02 00 18 falls
1518 09 05 00 24 falls
1518 04 11 00 30 wakes
1518 10 09 00 19 wakes
1518 08 02 00 41 wakes
1518 11 21 00 46 falls
1518 10 29 00 00 3529
1518 11 21 00 00 1973
1518 10 30 00 46 falls
1518 07 26 00 55 wakes
1518 06 25 00 48 falls
1518 03 28 00 01 379
1518 07 15 00 58 wakes
1518 04 12 00 27 wakes
1518 06 17 23 58 193
1518 05 18 00 57 falls
1518 03 17 00 46 falls
1518 08 21 00 37 falls
1518 10 25 00 35 falls
1518 09 30 00 53 wakes
1518 05 20 00 38 wakes
1518 03 29 00 48 wakes
1518 11 22 00 57 falls
1518 11 16 00 00 3373
1518 07 12 23 58 2029
1518 07 23 00 28 falls
1518 05 13 00 49 wakes
1518 08 31 00 03 1973
1518 04 04 00 35 falls
1518 07 10 00 03 1049
1518 09 23 00 54 falls
1518 11 10 23 58 509
1518 04 17 00 51 falls
1518 06 19 00 33 wakes
1518 06 08 00 38 falls
1518 09 28 00 47 wakes
1518 06 01 00 51 falls
1518 05 27 00 20 falls
1518 08 23 00 30 falls
1518 10 20 00 02 falls
1518 04 29 00 26 falls
1518 10 09 00 53 falls
1518 08 07 00 10 falls
1518 04 05 00 51 wakes
1518 09 08 00 10 falls
1518 08 25 00 03 317
1518 04 19 00 03 1049
1518 08 13 00 57 wakes
1518 05 28 00 56 wakes
1518 06 04 23 47 2137
1518 10 06 00 36 wakes
1518 04 07 23 58 317
1518 06 26 00 00 641
1518 09 25 00 20 falls
1518 06 23 00 12 falls
1518 05 08 23 46 3529
1518 07 04 00 45 wakes
1518 07 13 00 11 falls
1518 05 11 23 57 509
1518 06 17 00 11 wakes
1518 08 09 23 58 401
1518 07 06 00 00 3373
1518 05 08 00 58 wakes
1518 10 12 23 49 2281
1518 08 18 00 58 wakes
1518 08 15 00 58 wakes
1518 09 05 00 47 falls
1518 07 22 00 20 falls
1518 03 17 00 41 wakes
1518 09 14 00 15 falls
1518 03 23 23 59 1049
1518 03 18 23 47 641
1518 06 20 00 58 wakes
1518 05 29 00 02 falls
1518 03 31 23 51 2699
1518 06 19 00 26 falls
1518 10 06 23 59 2281
1518 07 28 00 09 falls
1518 08 14 00 32 falls
1518 03 22 23 57 1949
1518 07 17 00 51 wakes
1518 06 08 00 13 wakes
1518 07 14 00 37 falls
1518 06 12 23 49 2011
1518 07 23 00 59 wakes
1518 09 03 23 52 2029
1518 08 23 00 59 wakes
1518 05 26 00 32 falls
1518 06 08 00 54 wakes
1518 05 06 00 44 falls
1518 08 06 00 05 falls
1518 08 14 00 01 falls
1518 04 06 00 02 2137
1518 08 28 00 41 falls
1518 06 24 00 16 falls
1518 09 17 00 53 wakes
1518 10 21 00 00 1847
1518 09 08 00 17 wakes
1518 06 06 00 08 falls
1518 10 04 00 59 wakes
1518 04 19 00 23 falls
1518 06 23 00 00 2281
1518 05 16 23 59 509
1518 08 29 00 10 falls
1518 05 22 00 07 falls
1518 06 29 00 18 falls
1518 11 16 00 24 wakes
1518 05 14 00 23 falls
1518 10 02 00 35 falls
1518 06 16 00 24 wakes
1518 08 27 00 00 379
1518 04 15 00 37 wakes
1518 03 28 00 39 wakes
1518 10 19 23 52 2011
1518 11 03 23 52 2693
1518 04 16 00 25 wakes
1518 07 09 00 22 wakes
1518 05 19 00 47 wakes
1518 03 21 00 57 wakes
1518 06 06 00 57 wakes
1518 06 29 00 47 wakes
1518 04 11 00 42 falls
1518 05 30 00 19 falls
1518 08 10 23 50 2179
1518 03 22 00 24 wakes
1518 10 14 00 46 falls
1518 08 20 00 59 wakes
1518 04 06 00 40 falls
1518 07 24 00 35 falls
1518 08 17 00 48 wakes
1518 04 20 00 08 falls
1518 04 04 23 56 379
1518 08 16 00 00 193
1518 07 03 00 02 251
1518 05 24 00 42 wakes
1518 09 06 00 44 falls
1518 07 14 00 49 wakes
1518 07 12 00 02 193
1518 05 31 00 53 falls
1518 04 03 00 00 2699
1518 07 15 00 38 falls
1518 07 21 00 05 falls
1518 05 03 00 41 falls
1518 06 12 00 50 falls
1518 04 04 00 04 1949
1518 03 24 00 08 falls
1518 04 24 00 02 1049
1518 04 15 00 22 falls
1518 05 15 00 50 wakes
1518 11 15 00 11 falls
1518 04 06 00 31 falls
1518 04 23 00 00 3373
1518 05 18 00 53 wakes
1518 06 02 00 35 wakes
1518 10 23 00 02 2699
1518 07 12 00 39 falls
1518 03 16 00 56 falls
1518 09 19 00 53 wakes
1518 04 10 00 08 falls
1518 08 09 00 48 wakes
1518 11 20 00 49 wakes
1518 06 12 00 56 wakes
1518 10 19 00 48 wakes
1518 07 08 00 59 wakes
1518 08 24 00 08 falls
1518 10 30 00 57 wakes
1518 07 14 00 42 wakes
1518 04 16 00 20 falls
1518 09 26 00 12 falls
1518 04 18 00 36 wakes
1518 05 25 00 11 falls
1518 06 04 00 07 falls
1518 05 16 00 03 251