-53868 -10684 5 1
-43043 -43128 4 4
11010 54188 -1 -5
43453 10942 -4 -1
54258 10941 -5 -1
-53835 32566 5 -3
43437 54191 -4 -5
43445 21753 -4 -2
21829 -53942 -2 5
54258 32570 -5 -3
32624 -21499 -3 2
32648 43384 -3 -4
-32249 32571 3 -3
-10596 -32307 1 3
54250 -10690 -5 1
-10628 21757 1 -2
32624 21754 -3 -2
54251 -21494 -5 2
-21399 21754 2 -2
-43048 10936 4 -1
-10567 -21494 1 2
-53848 -21500 5 2
21843 10937 -2 -1
-32202 -10683 3 1
-43035 10945 4 -1
43445 -53938 -4 5
32653 -32307 -3 3
-10600 -10683 1 1
-32198 -21498 3 2
32656 43378 -3 -4
43488 21749 -4 -2
11038 -53939 -1 5
-53824 -32307 5 3
54278 43377 -5 -4
-32241 43383 3 -4
-32198 -53941 3 5
-32252 21749 3 -2
-43011 -53938 4 5
-21399 54193 2 -5
-10623 32571 1 -3
-43030 21758 4 -2
54290 32566 -5 -3
-32252 10945 3 -1
32624 -43121 -3 4
-43062 32562 4 -3
21824 -32307 -2 3
21813 32566 -2 -3
-32211 32562 3 -3
21840 -43128 -2 4
-21429 -21499 2 2
-53879 21758 5 -2
43448 21753 -4 -2
21827 -43127 -2 4
32664 -21501 -3 2
11026 32564 -1 -3
-21417 -10682 2 1
-43067 32569 4 -3
-21409 10939 2 -1
-32222 -10686 3 1
43447 -21499 -4 2
-10611 21758 1 -2
-21413 -10687 2 1
-10576 54190 1 -5
-53822 54197 5 -5
11050 54191 -1 -5
32677 21749 -3 -2
43445 32569 -4 -3
-43039 32565 4 -3
-32202 32567 3 -3
32624 -32307 -3 3
-21433 43376 2 -4
21829 43384 -2 -4
32637 -21502 -3 2
-53824 -53940 5 5
21867 -43129 -2 4
32669 10941 -3 -1
11038 -53936 -1 5
43463 -10685 -4 1
-10576 32570 1 -3
-43016 -10690 4 1
-21422 -10681 2 1
-53843 43384 5 -4
32669 32568 -3 -3
54301 -21503 -5 2
-32206 -21495 3 2
-10603 21752 1 -2
-53827 -21503 5 2
10998 10936 -1 -1
-43040 10940 4 -1
-10583 -10683 1 1
-21440 10940 2 -1
11006 43383 -1 -4
54310 -43120 -5 4
43465 -32310 -4 3
43437 -10684 -4 1
-43035 21749 4 -2
-32242 32569 3 -3
11017 -43129 -1 4
11011 -10688 -1 1
-10603 -43127 1 4
-32238 54193 3 -5
-43067 -10689 4 1
54258 21755 -5 -2
-21412 43375 2 -4
-53864 54195 5 -5
21870 -32307 -2 3
-43030 43384 4 -4
-43011 -10689 4 1
-32214 -32309 3 3
11040 -10690 -1 1
-32209 32564 3 -3
21832 10937 -2 -1
-43058 10940 4 -1
54290 -32309 -5 3
21827 21755 -2 -2
-43010 10945 4 -1
21811 -10688 -2 1
-32225 32570 3 -3
-21389 -43129 2 4
-10602 -21499 1 2
-10569 -10681 1 1
32626 -10690 -3 1
-10619 43379 1 -4
-53872 -43129 5 4
-53836 -21502 5 2
11054 -32311 -1 3
-21401 54197 2 -5
32649 54191 -3 -5
54279 10937 -5 -1
21822 32562 -2 -3
43449 -32312 -4 3
54295 43383 -5 -4
21812 -21503 -2 2
11050 -32308 -1 3
-10620 -53938 1 5
11043 -21497 -1 2
43482 -21498 -4 2
32652 -53936 -3 5
-32243 21753 3 -2
-53824 43378 5 -4
-53868 -21497 5 2
21867 10936 -2 -1
54255 21749 -5 -2
-10612 -32308 1 3
21828 -10690 -2 1
-32235 43384 3 -4
21859 10943 -2 -1
21840 -53942 -2 5
21843 -43123 -2 4
32632 43381 -3 -4
32644 10936 -3 -1
54282 -32308 -5 3
43461 -43120 -4 4
-21409 -53940 2 5
-32237 -43120 3 4
11050 -10684 -1 1
-32251 10940 3 -1
21855 -21502 -2 2
43493 32570 -4 -3
21835 -10681 -2 1
11050 10940 -1 -1
32684 32571 -3 -3
54275 -10687 -5 1
32658 -21494 -3 2
11046 21756 -1 -2
32676 -43121 -3 4
11043 -10686 -1 1
-53864 -10683 5 1
-43059 10945 4 -1
-43067 43379 4 -4
-21421 54197 2 -5
-43022 54195 4 -5
-53830 32571 5 -3
-43066 -53933 4 5
-32214 -21494 3 2
43449 -10686 -4 1
32665 21754 -3 -2
54258 32571 -5 -3
54302 -21496 -5 2
-32202 10938 3 -1
-43024 21749 4 -2
-53864 54195 5 -5
54252 54197 -5 -5
-43067 -43125 4 4
-53872 -53933 5 5
54263 10938 -5 -1
-21413 -32309 2 3
21840 10944 -2 -1
21815 -10690 -2 1
-43019 32570 4 -3
21867 -10688 -2 1
21839 -32310 -2 3
-32214 -32312 3 3
-21420 -32308 2 3
-32251 -43129 3 4
-43058 -21503 4 2
-32241 43377 3 -4
32633 -10686 -3 1
-43054 -32315 4 3
32629 21749 -3 -2
54306 -53935 -5 5
54263 54191 -5 -5
-43010 -43120 4 4
-32222 10936 3 -1
-21385 10936 2 -1
43437 32570 -4 -3
32681 32571 -3 -3
-53835 -53934 5 5
32640 21752 -3 -2
-53872 32562 5 -3
21829 32562 -2 -3
21851 21752 -2 -2
-43057 10936 4 -1
-10588 -32308 1 3
21838 10940 -2 -1
-21399 -10690 2 1
54277 -32311 -5 3
-32198 -32312 3 3
-10599 -32315 1 3
54285 10945 -5 -1
32641 54188 -3 -5
11043 21752 -1 -2
-43059 32564 4 -3
-43055 -32316 4 3
-53831 43384 5 -4
43469 -21496 -4 2
43482 -21496 -4 2
54295 -21500 -5 2
11050 10941 -1 -1
-21430 -53937 2 5
32656 -21502 -3 2
-21401 -32311 2 3
-43022 -10684 4 1
-43063 43384 4 -4
-53848 -53936 5 5
-32214 54191 3 -5
-10576 -43128 1 4
54284 -53933 -5 5
-32246 54196 3 -5
-21420 -32308 2 3
-10623 21758 1 -2
43481 32567 -4 -3
-10586 32562 1 -3
-43054 -21495 4 2
54279 -10690 -5 1
32664 43381 -3 -4
-53879 43375 5 -4
54306 32564 -5 -3
-32242 43381 3 -4
21819 -53939 -2 5
-43023 -43124 4 4
43440 54192 -4 -5
21862 -10681 -2 1
-21416 -32310 2 3
54250 -21501 -5 2
54260 54188 -5 -5
54261 -32312 -5 3
43480 21754 -4 -2
54250 54188 -5 -5
-43051 10941 4 -1
-21401 43377 2 -4
43441 -53938 -4 5
32648 43375 -3 -4
54299 -10681 -5 1
43477 -10685 -4 1
-43051 54190 4 -5
-43035 54190 4 -5
-32246 32567 3 -3
54262 43382 -5 -4
-53864 32563 5 -3
-43064 -32307 4 3
32676 -21501 -3 2
-21414 43380 2 -4
-21396 54193 2 -5
32626 10945 -3 -1
-32202 -32311 3 3
-43042 -53935 4 5
-21433 -53940 2 5
-21425 32566 2 -3
-53855 32568 5 -3
21811 -43128 -2 4
-21398 -21503 2 2
-32241 43384 3 -4
32680 -10684 -3 1
43477 54195 -4 -5
32642 32571 -3 -3
-32218 -43120 3 4
11027 54196 -1 -5
-10617 54193 1 -5
54262 32562 -5 -3
11006 21754 -1 -2
43470 21758 -4 -2
54306 43383 -5 -4
43469 -32315 -4 3
21819 -53939 -2 5
43446 54188 -4 -5
32669 -10681 -3 1
-53879 -21503 5 2
32637 54189 -3 -5
11030 54193 -1 -5
-10612 -53939 1 5
-32219 10945 3 -1
-21429 -10683 2 1
54271 -43128 -5 4
-43063 10936 4 -1
32649 -43123 -3 4
-53855 -43122 5 4
43477 43381 -4 -4
-10602 -32312 1 3
-21382 -43120 2 4
11023 21756 -1 -2
-21401 -43121 2 4
43478 32567 -4 -3
-43033 43384 4 -4
-10576 32568 1 -3
32635 54188 -3 -5
-53844 43384 5 -4
-32209 -10682 3 1
21822 -21503 -2 2
-10580 43383 1 -4
32652 21751 -3 -2
54258 -43127 -5 4
-43067 -21498 4 2
-21400 54189 2 -5